sent_01      0.024093475940891236      0.08215108932964228      0.5766133036118918      0.02616032116403288      0.3478045424853445      0.0      0.6653404      0.5272850285062423
sent_02      0.04818700247813254      0.07628315437752498      0.2883066518059459      0.0      0.1159348204436486      0.0      0.4671017      0.5500389281763784
sent_03      0.024093475940891236      0.06454728447329036      0.1922044153168538      0.0      0.3478045424853445      0.0      0.6231566      0.5064936474329398
sent_04      0.0      0.04694347961693845      0.14415332590297295      0.0      0.1159348204436486      0.0      0.3610348      0.5285834581084274
sent_05      0.04818700247813254      0.06454728447329036      0.11532266072237836      0.0      0.3478045424853445      0.0      0.597803      0.5261238497959682
sent_06      0.0      0.035207609712703834      0.09610223648909208      0.0      0.0      0.0      0.1432037      0.5582186846891205
sent_07      0.024093475940891236      0.17603804856351918      0.08237330437541437      0.0      0.5796742645270404      0.0      0.7915386      0.5328833249797071
sent_08      0.09637400495626508      0.08801902428175959      0.07207666295148647      0.02441630097391271      0.8115439865687363      0.0      1.0      0.49792640359552043
sent_09      0.024093475940891236      0.07628315437752498      0.06406813843895127      0.014086335232431694      0.1159348204436486      0.0      0.4297928      0.5407950543575867
sent_010      0.024093475940891236      0.07041521942540767      0.05766133036118918      0.0      0.46373944408339174      0.0      0.906869      0.5025309289489301
sent_11      0.04818700247813254      0.0938869592338769      0.05241939647938384      0.0      0.46373944408339174      0.0      0.7680645      0.5183008406078875
sent_12      0.07228047841902377      0.15256630875504995      0.04805108941388086      0.0      0.3478045424853445      0.0      0.6526438      0.5318749713169499
sent_13      0.09637400495626508      0.0997548941859942      0.04435488281506791      0.0      0.1159348204436486      0.0      0.4415763      0.5388872494609707
sent_14      0.04818700247813254      0.06454728447329036      0.04118668101837237      0.03329496752675481      0.23186972204169587      0.0      0.5174929      0.5421280737510611
sent_15      0.04818700247813254      0.12909456894658072      0.0384409061279029      0.0      0.1159348204436486      0.0      0.5681301      0.5382991063487139
sent_16      0.09637400495626508      0.12909456894658072      0.036038331475743236      0.016647483763377404      0.5796742645270404      0.0      0.7307882      0.5192312068322744
sent_17      0.024093475940891236      0.11149076409022882      0.033918412665014115      0.0      0.23186972204169587      0.0      0.5897468      0.5376382255134597
sent_18      0.024093475940891236      0.1877739184677538      0.03203409805014081      0.02289028788561514      0.3478045424853445      0.0      0.8216873      0.5192031500201159
sent_19      0.024093475940891236      0.11735869904234612      0.030348080750379643      0.0      0.23186972204169587      0.0      0.4180924      0.5561640627525809
sent_20      0.0      0.07041521942540767      0.02883066518059459      0.0      0.1159348204436486      0.0      0.5626387      0.5155395486520093
sent_21      0.024093475940891236      0.10562282913811151      0.027457748904694674      0.0      0.3478045424853445      0.0      0.5834986      0.5302336186405846
sent_22      0.0      0.05867934952117306      0.026209669409026738      0.0      0.1159348204436486      0.0      0.19632      0.5631697495873003
sent_23      0.024093475940891236      0.0938869592338769      0.025070166198428914      0.0      0.3478045424853445      0.0      0.4303766      0.5475382554236703
sent_24      0.024093475940891236      0.05867934952117306      0.02402557353760561      0.0      0.23186972204169587      0.0      0.4490357      0.5535935687854157
sent_25      0.024093475940891236      0.08801902428175959      0.023064532144475673      0.0      0.0      0.0      0.1082007      0.5833017080796187