sent_01      0.024093475940891236      0.11735869904234612      0.5766133036118918      0.0      0.649235189254989      0.0      0.7465136      0.540413750031015
sent_02      0.0      0.04694347961693845      0.2883066518059459      0.0      0.3246175946274945      0.0      0.4486434      0.5450485487430741
sent_03      0.12046748089715632      0.10953477951372577      0.1922044153168538      0.013080169738131595      0.16230879731374726      0.0      0.2604324      0.5833017080796187
sent_04      0.024093475940891236      0.08606303970525654      0.14415332590297295      0.03329496752675481      0.48692639194124177      0.0      0.7219708      0.5376835480561776
sent_05      0.0      0.039119560088318094      0.11532266072237836      0.036624460616984225      0.0      0.0      0.2670921      0.5530935625612498
sent_06      0.024093475940891236      0.0547673991455588      0.09610223648909208      0.0      0.3246175946274945      0.0      0.7509539      0.513550139846433
sent_07      0.0      0.0547673991455588      0.08237330437541437      0.0      0.16230879731374726      0.0      0.4727004      0.5352688539752404
sent_08      0.024093475940891236      0.14083043885081534      0.07207666295148647      0.02034692053029898      0.48692639194124177      0.0      0.7120863      0.5461798040757236
sent_09      0.024093475940891236      0.10953477951372577      0.06406813843895127      0.0      0.3246175946274945      0.0      0.6085894      0.5593029259040989
sent_010      0.0      0.133006519322195      0.05766133036118918      0.0      0.48692639194124177      0.0      0.7493967      0.5537452272295164
sent_11      0.024093475940891236      0.0547673991455588      0.05241939647938384      0.0      0.48692639194124177      0.0      0.8472227      0.508624623563067
sent_12      0.024093475940891236      0.07041521942540767      0.04805108941388086      0.0      0.649235189254989      0.0      0.6848347      0.5231038052023859
sent_13      0.024093475940891236      0.1564782591306642      0.04435488281506791      0.018312230308492113      0.3246175946274945      0.0      0.6715283      0.5657637506133012
sent_14      0.024093475940891236      0.08606303970525654      0.04118668101837237      0.0      0.0      0.0      0.1798102      0.5801973180590482
sent_15      0.0      0.07041521942540767      0.0384409061279029      0.0      0.3246175946274945      0.0      0.844887      0.5350613735576765
sent_17      0.0      0.04694347961693845      0.036038331475743236      0.0      0.16230879731374726      0.0      0.1955615      0.5808389499379357
sent_18      0.024093475940891236      0.07041521942540767      0.033918412665014115      0.0      0.48692639194124177      0.0      1.0      0.5150320761659801
sent_20      0.024093475940891236      0.06259129989678731      0.03203409805014081      0.0      0.3246175946274945      0.0      0.6286143      0.544915497623461
sent_21      0.0      0.07041521942540767      0.030348080750379643      0.0      0.16230879731374726      0.0      0.2476022      0.5800547007914226
sent_22      0.0      0.039119560088318094      0.02883066518059459      0.0      0.16230879731374726      0.0      0.2125932      0.5725315670114658
sent_23      0.024093475940891236      0.07823913895402802      0.027457748904694674      0.0      0.16230879731374726      0.0      0.390844      0.5579531074214319
sent_24      0.024093475940891236      0.1877739184677538      0.026209669409026738      0.0076301020659484825      0.8115439865687363      0.0      0.9689558      0.5503810929583379
sent_26      0.0      0.06259129989678731      0.025070166198428914      0.0      0.3246175946274945      0.0      0.7385117      0.5552996679513776
sent_27      0.07228047841902377      0.12518261857096646      0.02402557353760561      0.02289028788561514      0.649235189254989      0.0      0.9397835      0.5412265226310532
sent_28      0.024093475940891236      0.07041521942540767      0.023064532144475673      0.061040761590896934      0.16230879731374726      0.0      0.2654628      0.5800547007914226