sent_01      0.04216360819473469      0.10640522672419109      0.5766133036118918      0.0      0.16230879731374726      0.0      0.2837907      0.5611188607816924
sent_02      0.0      0.06885044303064033      0.2883066518059459      0.0      0.16230879731374726      0.0      0.2085958      0.5554761167180718
sent_03      0.021081829395542383      0.06885044303064033      0.1922044153168538      0.016647483763377404      0.3246175946274945      0.0      0.4374467      0.5013107784359693
sent_04      0.06324543759027708      0.11892347543711346      0.14415332590297295      0.038552060915947026      0.649235189254989      0.0      0.6395653      0.5089416480414084
sent_05      0.0      0.07510956738710152      0.11532266072237836      0.061040761590896934      0.3246175946274945      0.0      0.3065567      0.5370563237294795
sent_06      0.021081829395542383      0.16273740226451724      0.09610223648909208      0.0      0.48692639194124177      0.0      0.7038458      0.5379328512062107
sent_07      0.021081829395542383      0.11892347543711346      0.08237330437541437      0.038552060915947026      0.8115439865687363      0.0      1.0      0.4750245786122152
sent_08      0.021081829395542383      0.06885044303064033      0.07207666295148647      0.03329496752675481      0.48692639194124177      0.0      0.7115441      0.458206415453668
sent_09      0.06324543759027708      0.07510956738710152      0.06406813843895127      0.03052038995156362      0.3246175946274945      0.0      0.4758482      0.5150698157864928
sent_010      0.021081829395542383      0.05007305118386496      0.05766133036118918      0.0      0.0      0.0      0.0917664      0.5833017080796187
sent_11      0.10540904578501177      0.10640522672419109      0.05241939647938384      0.0      0.48692639194124177      0.0      0.4790186      0.5521086576271573
sent_12      0.04216360819473469      0.11266435108065227      0.04805108941388086      0.0      0.48692639194124177      0.0      0.3525299      0.550787187607503
sent_13      0.0      0.08762783487741571      0.04435488281506791      0.0      0.3246175946274945      0.0      0.5022367      0.5360458701805731
sent_14      0.04216360819473469      0.14396001041774187      0.04118668101837237      0.015923674548203943      0.48692639194124177      0.0      0.5085147      0.5452655369784797
sent_15      0.021081829395542383      0.06259129989678731      0.0384409061279029      0.0      0.3246175946274945      0.0      0.4677362      0.5376999971643454
sent_16      0.021081829395542383      0.11892347543711346      0.036038331475743236      0.009638019807044334      0.3246175946274945      0.0      0.5346229      0.5496587321230522
sent_17      0.0      0.03129565933708958      0.033918412665014115      0.0      0.16230879731374726      0.0      0.5149979      0.5253877230403716
sent_18      0.08432726698581947      0.10014608359033808      0.03203409805014081      0.0      0.3246175946274945      0.0      0.312979      0.5636912213143235
sent_19      0.0      0.07510956738710152      0.030348080750379643      0.0      0.48692639194124177      0.0      0.5022941      0.5422562834664969
sent_20      0.06324543759027708      0.1877739184677538      0.02883066518059459      0.03052038995156362      0.649235189254989      0.0      0.5771971      0.5401735463876278
sent_21      0.021081829395542383      0.056332175540326136      0.027457748904694674      0.02034692053029898      0.48692639194124177      0.0      0.6466273      0.4942653104247587
sent_22      0.04216360819473469      0.1564782591306642      0.026209669409026738      0.029299568493587377      0.3246175946274945      0.0      0.3207175      0.5376078354944688
sent_23      0.10540904578501177      0.13770086728388883      0.025070166198428914      0.016647483763377404      0.649235189254989      0.0      0.473289      0.5314908088120086
sent_24      0.08432726698581947      0.15021913477420304      0.02402557353760561      0.0076301020659484825      0.649235189254989      0.0      0.5844426      0.5344160085478571
sent_25      0.12649087518055416      0.14396001041774187      0.023064532144475673      0.0      0.649235189254989      0.0      0.4781738      0.5298683551109852
sent_26      0.04216360819473469      0.0938869592338769      0.02217741257686878      0.012208159643071509      0.48692639194124177      0.0      0.5007536      0.5314948335937943
sent_27      0.04216360819473469      0.06885044303064033      0.021356026925873635      0.0      0.3246175946274945      0.0      0.492327      0.5301178332515308
sent_28      0.04216360819473469      0.13770086728388883      0.020593340509186184      0.04161870025232835      0.48692639194124177      0.0      0.4278611      0.5273339091893793
sent_29      0.0      0.05007305118386496      0.01988324122578814      0.0      0.0      0.0      0.1628449      0.5599057682193992
sent_30      0.04216360819473469      0.14396001041774187      0.019220424233286276      0.0      0.3246175946274945      0.0      0.3914193      0.5788812144151081
sent_31      0.04216360819473469      0.08136869174356269      0.018600449609242765      0.0      0.48692639194124177      0.0      0.6111989      0.5342514591360079
sent_32      0.021081829395542383      0.11266435108065227      0.018019165737871618      0.0      0.48692639194124177      0.0      0.6293573      0.5055284580965804
sent_33      0.04216360819473469      0.08762783487741571      0.01747311293935116      0.013080169738131595      0.3246175946274945      0.0      0.6547157      0.5096353687628274
sent_34      0.04216360819473469      0.11266435108065227      0.01695923516317224      0.010173469421264642      0.3246175946274945      0.0      0.5752092      0.5292893698355454
sent_35      0.021081829395542383      0.12518261857096646      0.016474649342816804      0.036624460616984225      0.48692639194124177      0.0      0.6029413      0.5398499889301561
sent_36      0.06324543759027708      0.056332175540326136      0.016017049025070406      0.0      0.16230879731374726      0.0      0.3969807      0.5091684940756805
sent_37      0.04216360819473469      0.12518261857096646      0.015584127756718599      0.036624460616984225      0.3246175946274945      0.0      0.4774703      0.5409099647940784
sent_38      0.06324543759027708      0.1564782591306642      0.015174040375189822      0.036624460616984225      0.8115439865687363      0.0      0.5678439      0.5353614239563126
sent_39      0.021081829395542383      0.06885044303064033      0.014784941717912517      0.0      0.16230879731374726      0.0      0.3366897      0.5783136618531466
sent_40      0.021081829395542383      0.06259129989678731      0.014415332590297295      0.0      0.16230879731374726      0.0      0.2855203      0.5270599907072651
sent_41      0.0      0.05007305118386496      0.014063713797754764      0.02289028788561514      0.16230879731374726      0.0      0.490008      0.5293275177672538
sent_42      0.021081829395542383      0.056332175540326136      0.013728874452347337      0.0      0.3246175946274945      0.0      0.3987608      0.5091684940756805
sent_43      0.021081829395542383      0.04381390805001194      0.013409603666137433      0.0      0.16230879731374726      0.0      0.2398993      0.5336177601603502