sent_03          0.1            0.4            1.0            0.0            0.8            0.0            0.9895875      0.8616495      
sent_04          0.15           0.2666667      0.5            0.125          0.4            0.0            0.4014368      0.9283712      
sent_05          0.1            0.5666667      0.3333333      0.0            0.6            0.0            0.7876611      0.9231433      
sent_06          0.05           0.6            0.25           0.0            0.6            0.0            0.499697       0.9484864      
sent_07          0.15           0.7            0.2            0.0952381      1.0            0.0            0.6303964      0.9421772      
sent_08          0.05           0.5666667      0.1666667      0.0            0.2            0.0            0.3398084      0.9747152      
sent_09          0.0            0.6333333      0.1428571      0.0            0.2            0.0            0.4304128      0.9735292      
sent_010          0.1            0.2333333      0.125          0.0            0.6            0.0            0.9294638      0.823992       
sent_12          0.1            0.7333333      0.1111111      0.0            0.6            0.0            0.8643135      0.937971       
sent_13          0.25           1.0            0.1            0.0            0.4            0.0            0.3963858      0.9881624      
sent_14          0.05           0.2333333      0.0909091      0.0            0.2            0.0            0.435987       0.9789912      
sent_15          0.0            0.2333333      0.0833333      0.0            0.2            0.0            0.170736       1.0            
sent_16          0.05           0.6            0.0769231      0.0555556      0.4            0.0            0.6180046      0.9159319      
sent_17          0.0            0.3333333      0.0714286      0.0            0.2            0.0            0.2436804      0.9720581      
sent_18          0.05           0.6666667      0.0666667      0.0            0.0            0.0            0.2820185      0.9842688      
sent_19          0.0            0.4            0.0625         0.0            0.0            0.0            0.1967108      0.9885782      
sent_20          0.05           0.5333333      0.0588235      0.0            0.6            0.0            0.8031393      0.927736       
sent_21          0.1            0.3666667      0.0555556      0.0909091      0.6            0.0            0.8648594      0.8333576      
sent_22          0.15           0.5333333      0.0526316      0.1875         0.2            0.0            0.4803459      0.9335737      
sent_23          0.1            0.9333333      0.05           0.0            0.6            0.0            0.6762649      0.967111       
sent_24          0.25           0.6            0.047619       0.1111111      0.6            0.0            0.9345926      0.9038523      
sent_25          0.0            0.5333333      0.0454545      0.0625         0.4            0.0            0.4161211      0.981303       
sent_26          0.15           0.4            0.0434783      0.0833333      0.4            0.0            0.6616054      0.9315907      
sent_27          0.0            0.6333333      0.0416667      0.0            0.4            0.0            0.4784554      0.9531159      
sent_28          0.05           0.7333333      0.04           0.0            0.4            0.0            0.5321804      0.953232       
sent_29          0.3            0.8            0.0384615      0.0416667      0.8            0.0            1.0            0.8901433      
sent_30          0.15           0.5666667      0.037037       0.0            0.6            0.0            0.7236715      0.9205587      
sent_31          0.15           0.6666667      0.0357143      0.0            0.4            0.0            0.5250756      0.9310759      