sent_01          0.047619       0.4375         1.0            0.1428571      0.4285714      0.0            0.6653404      0.9039662      
sent_02          0.0952381      0.40625        0.5            0.0            0.1428571      0.0            0.4671017      0.942975       
sent_03          0.047619       0.34375        0.3333333      0.0            0.4285714      0.0            0.6231566      0.8683219      
sent_04          0.0            0.25           0.25           0.0            0.1428571      0.0            0.3610348      0.9061922      
sent_05          0.0952381      0.34375        0.2            0.0            0.4285714      0.0            0.597803       0.9019755      
sent_06          0.0            0.1875         0.1666667      0.0            0.0            0.0            0.1432037      0.9569982      
sent_07          0.047619       0.9375         0.1428571      0.0            0.7142857      0.0            0.7915386      0.9135638      
sent_08          0.1904762      0.46875        0.125          0.1333333      1.0            0.0            1.0            0.8536344      
sent_09          0.047619       0.40625        0.1111111      0.0769231      0.1428571      0.0            0.4297928      0.9271275      
sent_010          0.047619       0.375          0.1            0.0            0.5714286      0.0            0.906869       0.8615283      
sent_11          0.0952381      0.5            0.0909091      0.0            0.5714286      0.0            0.7680645      0.8885639      
sent_12          0.1428571      0.8125         0.0833333      0.0            0.4285714      0.0            0.6526438      0.9118351      
sent_13          0.1904762      0.53125        0.0769231      0.0            0.1428571      0.0            0.4415763      0.9238568      
sent_14          0.0952381      0.34375        0.0714286      0.1818182      0.2857143      0.0            0.5174929      0.9294128      
sent_15          0.0952381      0.6875         0.0666667      0.0            0.1428571      0.0            0.5681301      0.9228485      
sent_16          0.1904762      0.6875         0.0625         0.0909091      0.7142857      0.0            0.7307882      0.8901589      
sent_17          0.047619       0.59375        0.0588235      0.0            0.2857143      0.0            0.5897468      0.9217155      
sent_18          0.047619       1.0            0.0555556      0.125          0.4285714      0.0            0.8216873      0.8901108      
sent_19          0.047619       0.625          0.0526316      0.0            0.2857143      0.0            0.4180924      0.9534758      
sent_20          0.0            0.375          0.05           0.0            0.1428571      0.0            0.5626387      0.88383        
sent_21          0.047619       0.5625         0.047619       0.0            0.4285714      0.0            0.5834986      0.9090212      
sent_22          0.0            0.3125         0.0454545      0.0            0.1428571      0.0            0.19632        0.9654862      
sent_23          0.047619       0.5            0.0434783      0.0            0.4285714      0.0            0.4303766      0.9386879      
sent_24          0.047619       0.3125         0.0416667      0.0            0.2857143      0.0            0.4490357      0.949069       
sent_25          0.047619       0.46875        0.04           0.0            0.0            0.0            0.1082007      1.0            