sent_01          0.0833333      0.5666667      1.0            0.0            0.2            0.0            0.2837907      0.9619702      
sent_02          0.0            0.3666667      0.5            0.0            0.2            0.0            0.2085958      0.9522964      
sent_03          0.0416667      0.3666667      0.3333333      0.0909091      0.4            0.0            0.4374467      0.8594365      
sent_04          0.125          0.6333333      0.25           0.2105263      0.8            0.0            0.6395653      0.8725187      
sent_05          0.0            0.4            0.2            0.3333333      0.4            0.0            0.3065567      0.9207179      
sent_06          0.0416667      0.8666667      0.1666667      0.0            0.6            0.0            0.7038458      0.9222206      
sent_07          0.0416667      0.6333333      0.1428571      0.2105263      1.0            0.0            1.0            0.814372       
sent_08          0.0416667      0.3666667      0.125          0.1818182      0.6            0.0            0.7115441      0.7855393      
sent_09          0.125          0.4            0.1111111      0.1666667      0.4            0.0            0.4758482      0.8830247      
sent_010          0.0416667      0.2666667      0.1            0.0            0.0            0.0            0.0917664      1.0            
sent_11          0.2083333      0.5666667      0.0909091      0.0            0.6            0.0            0.4790186      0.9465233      
sent_12          0.0833333      0.6            0.0833333      0.0            0.6            0.0            0.3525299      0.9442578      
sent_13          0.0            0.4666667      0.0769231      0.0            0.4            0.0            0.5022367      0.9189856      
sent_14          0.0833333      0.7666667      0.0714286      0.0869565      0.6            0.0            0.5085147      0.9347916      
sent_15          0.0416667      0.3333333      0.0666667      0.0            0.4            0.0            0.4677362      0.9218214      
sent_16          0.0416667      0.6333333      0.0625         0.0526316      0.4            0.0            0.5346229      0.9423232      
sent_17          0.0            0.1666667      0.0588235      0.0            0.2            0.0            0.5149979      0.9007135      
sent_18          0.1666667      0.5333333      0.0555556      0.0            0.4            0.0            0.312979       0.9663802      
sent_19          0.0            0.4            0.0526316      0.0            0.6            0.0            0.5022941      0.9296326      
sent_20          0.125          1.0            0.05           0.1666667      0.8            0.0            0.5771971      0.926062       
sent_21          0.0416667      0.3            0.047619       0.1111111      0.6            0.0            0.6466273      0.8473579      
sent_22          0.0833333      0.8333333      0.0454545      0.16           0.4            0.0            0.3207175      0.9216634      
sent_23          0.2083333      0.7333333      0.0434783      0.0909091      0.8            0.0            0.473289       0.9111765      
sent_24          0.1666667      0.8            0.0416667      0.0416667      0.8            0.0            0.5844426      0.9161914      
sent_25          0.25           0.7666667      0.04           0.0            0.8            0.0            0.4781738      0.908395       
sent_26          0.0833333      0.5            0.0384615      0.0666667      0.6            0.0            0.5007536      0.9111834      
sent_27          0.0833333      0.3666667      0.037037       0.0            0.4            0.0            0.492327       0.9088227      
sent_28          0.0833333      0.7333333      0.0357143      0.2272727      0.6            0.0            0.4278611      0.90405        
sent_29          0.0            0.2666667      0.0344828      0.0            0.0            0.0            0.1628449      0.9598905      
sent_30          0.0833333      0.7666667      0.0333333      0.0            0.4            0.0            0.3914193      0.9924216      
sent_31          0.0833333      0.4333333      0.0322581      0.0            0.6            0.0            0.6111989      0.9159093      
sent_32          0.0416667      0.6            0.03125        0.0            0.6            0.0            0.6293573      0.8666672      
sent_33          0.0833333      0.4666667      0.030303       0.0714286      0.4            0.0            0.6547157      0.873708       
sent_34          0.0833333      0.6            0.0294118      0.0555556      0.4            0.0            0.5752092      0.9074024      
sent_35          0.0416667      0.6666667      0.0285714      0.2            0.6            0.0            0.6029413      0.9255073      
sent_36          0.125          0.3            0.0277778      0.0            0.2            0.0            0.3969807      0.8729076      
sent_37          0.0833333      0.6666667      0.027027       0.2            0.4            0.0            0.4774703      0.9273245      
sent_38          0.125          0.8333333      0.0263158      0.2            1.0            0.0            0.5678439      0.9178122      
sent_39          0.0416667      0.3666667      0.025641       0.0            0.2            0.0            0.3366897      0.9914486      
sent_40          0.0416667      0.3333333      0.025          0.0            0.2            0.0            0.2855203      0.9035804      
sent_41          0.0            0.2666667      0.0243902      0.125          0.2            0.0            0.490008       0.9074678      
sent_42          0.0416667      0.3            0.0238095      0.0            0.4            0.0            0.3987608      0.8729076      
sent_43          0.0416667      0.2333333      0.0232558      0.0            0.2            0.0            0.2398993      0.9148229      