sent_01      0.02733445966561256      0.19833185375937526      0.9091291678219136      0.0632998663321695      0.5212026362306612      0.0      0.7664393      0.46634198086696005
sent_02      0.08200331612763703      0.2578313991772686      0.4545645839109568      0.0      0.1303006786027632      0.0      0.2905238      0.5134109301952361
sent_03      0.02733445966561256      0.49582958084884193      0.30304302563633223      0.0632998663321695      0.1303006786027632      0.0      0.3417238      0.5110548360954771
sent_04      0.05466885646202448      0.19833185375937526      0.2272822919554784      0.0      0.5212026362306612      0.0      1.0      0.4588071107143218
sent_05      0.08200331612763703      0.5354959623106362      0.18182583356438273      0.08205539517685917      0.5212026362306612      0.0      0.6949345      0.48674446916308156
sent_06      0.05466885646202448      0.43633003543094856      0.15152155827462452      0.014386318870977993      0.651503236653033      0.0      0.9963861      0.47249397867911747
sent_07      0.02733445966561256      0.2776645631333676      0.12987555644045187      0.02260710416147001      0.26060127902513486      0.0      0.4106943      0.4966285023679212
sent_08      0.10933771292404897      0.3768304900130553      0.1136411459777392      0.01665786622424106      0.7818039152557962      0.0      0.7303968      0.47685104053821936
sent_09      0.08200331612763703      0.19833185375937526      0.10101434187877742      0.0      0.26060127902513486      0.0      0.7478078      0.45607463506163665
sent_010      0.05466885646202448      0.23799818167157336      0.09091291678219136      0.0      0.5212026362306612      0.0      0.9747616      0.47241768581489046
sent_11      0.05466885646202448      0.23799818167157336      0.08264811443043912      0.0263749337550929      0.26060127902513486      0.0      0.4004722      0.5074159334455324
sent_12      0.02733445966561256      0.19833185375937526      0.07576073368085387      0.03164993316608475      0.26060127902513486      0.0      0.7258577      0.47935422686947926
sent_13      0.05466885646202448      0.23799818167157336      0.06993303388928183      0.0      0.26060127902513486      0.0      0.3838082      0.5128377068916732