sent_03      0.06286920064862832      0.2141983849242545      0.9091291678219136      0.0      0.625443132204637      0.0      0.9895875      0.44238027129726004
sent_04      0.09430380097294246      0.14279894113270172      0.4545645839109568      0.039562416457605935      0.3127215661023185      0.0      0.4014368      0.47663592135846755
sent_05      0.06286920064862832      0.3034477298258926      0.30304302563633223      0.0      0.4690823491534777      0.0      0.7876611      0.4739518603564999
sent_06      0.03143460032431416      0.3212975773863817      0.2272822919554784      0.0      0.4690823491534777      0.0      0.499697      0.48696328490153074
sent_07      0.09430380097294246      0.37484717361744535      0.18182583356438273      0.03014279499864896      0.7818039152557962      0.0      0.6303964      0.483724072660743
sent_08      0.03143460032431416      0.3034477298258926      0.15152155827462452      0.0      0.15636078305115925      0.0      0.3398084      0.5004294375074356
sent_09      0.0      0.3391474249468709      0.12987555644045187      0.0      0.15636078305115925      0.0      0.4304128      0.499820532144224
sent_010      0.06286920064862832      0.12494904002261638      0.1136411459777392      0.0      0.4690823491534777      0.0      0.9294638      0.42304649919343296
sent_12      0.06286920064862832      0.3926970211779345      0.10101434187877742      0.0      0.4690823491534777      0.0      0.8643135      0.4815645636061558
sent_13      0.15717300162157077      0.5354959623106362      0.09091291678219136      0.0      0.3127215661023185      0.0      0.3963858      0.507333376967957
sent_14      0.03143460032431416      0.12494904002261638      0.08264811443043912      0.0      0.15636078305115925      0.0      0.435987      0.5026247826449504
sent_15      0.0      0.12494904002261638      0.07576073368085387      0.0      0.15636078305115925      0.0      0.170736      0.5134109301952361
sent_16      0.03143460032431416      0.3212975773863817      0.06993303388928183      0.017583310270017378      0.3127215661023185      0.0      0.6180046      0.47024944877449
sent_17      0.0      0.17849863625368      0.06493782367668433      0.0      0.15636078305115925      0.0      0.2436804      0.49906525332481383
sent_18      0.03143460032431416      0.3569973260569562      0.06060864149243316      0.0      0.0      0.0      0.2820185      0.5053343601701489
sent_19      0.0      0.2141983849242545      0.0568205729888696      0.0      0.0      0.0      0.1967108      0.5075468532327321
sent_20      0.03143460032431416      0.28559782871580724      0.053478159603372336      0.0      0.4690823491534777      0.0      0.8031393      0.4763098027356076
sent_21      0.06286920064862832      0.19634853736376537      0.0505072163958471      0.02877266939188915      0.4690823491534777      0.0      0.8648594      0.4278549006012695
sent_22      0.09430380097294246      0.28559782871580724      0.04784892270913583      0.0593436246864089      0.15636078305115925      0.0      0.4803459      0.47930694172280824
sent_23      0.06286920064862832      0.49979621364006177      0.04545645839109568      0.0      0.4690823491534777      0.0      0.6762649      0.496525358112045
sent_24      0.15717300162157077      0.3212975773863817      0.0432918218425117      0.035166588890101595      0.4690823491534777      0.0      0.9345926      0.46404765010210364
sent_25      0.0      0.28559782871580724      0.04132401175876117      0.019781208228802968      0.3127215661023185      0.0      0.4161211      0.5038116860333758
sent_26      0.09430380097294246      0.2141983849242545      0.0395273906973115      0.0263749337550929      0.3127215661023185      0.0      0.6616054      0.4782888478482311
sent_27      0.0      0.3391474249468709      0.037880412296885324      0.0      0.3127215661023185      0.0      0.4784554      0.48934012080286965
sent_28      0.03143460032431416      0.3926970211779345      0.03636516671287654      0.0      0.3127215661023185      0.0      0.5321804      0.48939972781186525
sent_29      0.1886076019458849      0.428396769848509      0.03496647148818253      0.013187482702513034      0.625443132204637      0.0      1.0      0.4570092996600571
sent_30      0.09430380097294246      0.3034477298258926      0.033671416988620216      0.0      0.4690823491534777      0.0      0.7236715      0.4726248984663173
sent_31      0.09430380097294246      0.3569973260569562      0.03246891183834216      0.0      0.3127215661023185      0.0      0.5250756      0.4780245439013666