sent_01      0.029937684656870314      0.23427948351090336      0.9091291678219136      0.04521417667300685      0.3350587984866579      0.0      0.6653404      0.46410612760705283
sent_02      0.05987543218294128      0.21754523468869597      0.4545645839109568      0.0      0.11168624010208879      0.0      0.4671017      0.48413367190085277
sent_03      0.029937684656870314      0.1840767370442812      0.30304302563633223      0.0      0.3350587984866579      0.0      0.6231566      0.4458059543878948
sent_04      0.0      0.13387399057765906      0.2272822919554784      0.0      0.11168624010208879      0.0      0.3610348      0.46524898033766743
sent_05      0.05987543218294128      0.1840767370442812      0.18182583356438273      0.0      0.3350587984866579      0.0      0.597803      0.4630840804683132
sent_06      0.0      0.1004054929332443      0.15152155827462452      0.0      0.0      0.0      0.1432037      0.4913333360571666
sent_07      0.029937684656870314      0.5020274646662215      0.12987555644045187      0.0      0.558431356871227      0.0      0.7915386      0.46903364035069467
sent_08      0.11975086436588256      0.25101373233311075      0.1136411459777392      0.042199900338135275      0.7818039152557962      0.0      1.0      0.43826523135065226
sent_09      0.029937684656870314      0.21754523468869597      0.10101434187877742      0.024346109739280534      0.11168624010208879      0.0      0.4297928      0.47599739218458376
sent_010      0.029937684656870314      0.2008109858664886      0.09091291678219136      0.0      0.4467451167691382      0.0      0.906869      0.44231804589252044
sent_11      0.05987543218294128      0.2677479811553181      0.08264811443043912      0.0      0.4467451167691382      0.0      0.7680645      0.4561984184369067
sent_12      0.08981311683981158      0.43509046937739193      0.07576073368085387      0.0      0.3350587984866579      0.0      0.6526438      0.4681461068756661
sent_13      0.11975086436588256      0.2844822299775255      0.06993303388928183      0.0      0.11168624010208879      0.0      0.4415763      0.4743181790551942
sent_14      0.05987543218294128      0.1840767370442812      0.06493782367668433      0.0575453387837783      0.2233725583845691      0.0      0.5174929      0.47717069018335895
sent_15      0.05987543218294128      0.3681534740885624      0.06060864149243316      0.0      0.11168624010208879      0.0      0.5681301      0.4738005068142783
sent_16      0.11975086436588256      0.3681534740885624      0.0568205729888696      0.02877266939188915      0.558431356871227      0.0      0.7307882      0.45701730887056813
sent_17      0.029937684656870314      0.31795072762194027      0.053478159603372336      0.0      0.2233725583845691      0.0      0.5897468      0.47321881223036716
sent_18      0.029937684656870314      0.5354959623106362      0.0505072163958471      0.039562416457605935      0.3350587984866579      0.0      0.8216873      0.45699261380482575
sent_19      0.029937684656870314      0.33468497644414763      0.04784892270913583      0.0      0.2233725583845691      0.0      0.4180924      0.4895248973966469
sent_20      0.0      0.2008109858664886      0.04545645839109568      0.0      0.11168624010208879      0.0      0.5626387      0.45376798243445554
sent_21      0.029937684656870314      0.3012164787997329      0.0432918218425117      0.0      0.3350587984866579      0.0      0.5834986      0.4667014198591897
sent_22      0.0      0.16734248822207382      0.04132401175876117      0.0      0.11168624010208879      0.0      0.19632      0.4956911680326637
sent_23      0.029937684656870314      0.2677479811553181      0.0395273906973115      0.0      0.3350587984866579      0.0      0.4303766      0.48193262790201274
sent_24      0.029937684656870314      0.16734248822207382      0.037880412296885324      0.0      0.2233725583845691      0.0      0.4490357      0.48726239810946254
sent_25      0.029937684656870314      0.25101373233311075      0.03636516671287654      0.0      0.0      0.0      0.1082007      0.5134109301952361