sent_01      0.05239097958412337      0.3034477298258926      0.9091291678219136      0.0      0.15636078305115925      0.0      0.2837907      0.4938860152020973
sent_02      0.0      0.19634853736376537      0.4545645839109568      0.0      0.15636078305115925      0.0      0.2085958      0.48891938054557466
sent_03      0.02619552122666201      0.19634853736376537      0.30304302563633223      0.02877266939188915      0.3127215661023185      0.0      0.4374467      0.44124409290873806
sent_04      0.07858650081078539      0.3391474249468709      0.2272822919554784      0.06663143324703108      0.625443132204637      0.0      0.6395653      0.4479606373797381
sent_05      0.0      0.2141983849242545      0.18182583356438273      0.10549976667030478      0.3127215661023185      0.0      0.3065567      0.47270663348640435
sent_06      0.02619552122666201      0.46409651851908346      0.15152155827462452      0.0      0.4690823491534777      0.0      0.7038458      0.4734781360912087
sent_07      0.02619552122666201      0.3391474249468709      0.12987555644045187      0.06663143324703108      0.7818039152557962      0.0      1.0      0.4181074860449548
sent_08      0.02619552122666201      0.19634853736376537      0.1136411459777392      0.0575453387837783      0.4690823491534777      0.0      0.7115441      0.40330446271791465
sent_09      0.07858650081078539      0.2141983849242545      0.10101434187877742      0.05274989916011897      0.3127215661023185      0.0      0.4758482      0.4533545326123693
sent_010      0.02619552122666201      0.14279894113270172      0.09091291678219136      0.0      0.0      0.0      0.0917664      0.5134109301952361
sent_11      0.13097748039490875      0.3034477298258926      0.08264811443043912      0.0      0.4690823491534777      0.0      0.4790186      0.4859554079044645
sent_12      0.05239097958412337      0.3212975773863817      0.07576073368085387      0.0      0.4690823491534777      0.0      0.3525299      0.48479227544210723
sent_13      0.0      0.249898133594829      0.06993303388928183      0.0      0.3127215661023185      0.0      0.5022367      0.47181725173202715
sent_14      0.05239097958412337      0.41054692228801987      0.06493782367668433      0.027521674133566487      0.4690823491534777      0.0      0.5085147      0.479932224894693
sent_15      0.02619552122666201      0.17849863625368      0.06060864149243316      0.0      0.3127215661023185      0.0      0.4677362      0.4732731824478748
sent_16      0.02619552122666201      0.3391474249468709      0.0568205729888696      0.01665786622424106      0.3127215661023185      0.0      0.5346229      0.4837990306565515
sent_17      0.0      0.08924934490163812      0.053478159603372336      0.0      0.15636078305115925      0.0      0.5149979      0.46243615587440673
sent_18      0.1047820220374474      0.28559782871580724      0.0505072163958471      0.0      0.3127215661023185      0.0      0.312979      0.49615015740425833
sent_19      0.0      0.2141983849242545      0.04784892270913583      0.0      0.4690823491534777      0.0      0.5022941      0.47728353790581585
sent_20      0.07858650081078539      0.5354959623106362      0.04545645839109568      0.05274989916011897      0.625443132204637      0.0      0.5771971      0.47545035283846077
sent_21      0.02619552122666201      0.16064878869319085      0.0432918218425117      0.035166588890101595      0.4690823491534777      0.0      0.6466273      0.43504280764728187
sent_22      0.05239097958412337      0.4462466174089981      0.04132401175876117      0.050639893065735596      0.3127215661023185      0.0      0.3207175      0.473192063520904
sent_23      0.13097748039490875      0.3926970211779345      0.0395273906973115      0.02877266939188915      0.625443132204637      0.0      0.473289      0.46780797443703953
sent_24      0.1047820220374474      0.428396769848509      0.037880412296885324      0.013187482702513034      0.625443132204637      0.0      0.5844426      0.47038267891087565
sent_25      0.15717300162157077      0.41054692228801987      0.03636516671287654      0.0      0.625443132204637      0.0      0.4781738      0.46637992193470146
sent_26      0.05239097958412337      0.2677479811553181      0.03496647148818253      0.021099965994034218      0.4690823491534777      0.0      0.5007536      0.4678115169724579
sent_27      0.05239097958412337      0.19634853736376537      0.033671416988620216      0.0      0.3127215661023185      0.0      0.492327      0.466599507789546
sent_28      0.05239097958412337      0.3926970211779345      0.03246891183834216      0.07193165765475629      0.4690823491534777      0.0      0.4278611      0.4641491514430032
sent_29      0.0      0.14279894113270172      0.03134931926816948      0.0      0.0      0.0      0.1628449      0.49281827449057025
sent_30      0.05239097958412337      0.41054692228801987      0.030304275289758195      0.0      0.3127215661023185      0.0      0.3914193      0.5095200968018445
sent_31      0.05239097958412337      0.2320482324847436      0.029326779608516068      0.0      0.4690823491534777      0.0      0.6111989      0.47023784568746757
sent_32      0.02619552122666201      0.3212975773863817      0.0284102864944348      0.0      0.4690823491534777      0.0      0.6293573      0.4449564133217007
sent_33      0.05239097958412337      0.249898133594829      0.027549341172507447      0.02260710416147001      0.3127215661023185      0.0      0.6547157      0.44857123699901935
sent_34      0.05239097958412337      0.3212975773863817      0.026739125258144557      0.017583310270017378      0.3127215661023185      0.0      0.5752092      0.4658703102453897
sent_35      0.02619552122666201      0.3569973260569562      0.02597509310550702      0.0632998663321695      0.4690823491534777      0.0      0.6029413      0.47516556379548147
sent_36      0.07858650081078539      0.16064878869319085      0.02525360819792355      0.0      0.15636078305115925      0.0      0.3969807      0.4481603028904911
sent_37      0.05239097958412337      0.3569973260569562      0.024571034018722855      0.0632998663321695      0.3127215661023185      0.0      0.4774703      0.4760985341378322
sent_38      0.07858650081078539      0.4462466174089981      0.023924461354567914      0.0632998663321695      0.7818039152557962      0.0      0.5678439      0.47121481534653603
sent_39      0.02619552122666201      0.19634853736376537      0.023310980992121685      0.0      0.15636078305115925      0.0      0.3366897      0.5090205479667645
sent_40      0.02619552122666201      0.17849863625368      0.02272822919554784      0.0      0.15636078305115925      0.0      0.2855203      0.4639080536701835
sent_41      0.0      0.14279894113270172      0.022173842229010036      0.039562416457605935      0.15636078305115925      0.0      0.490008      0.4659038873202245
sent_42      0.02619552122666201      0.16064878869319085      0.02164591092125585      0.0      0.3127215661023185      0.0      0.3987608      0.4481603028904911
sent_43      0.02619552122666201      0.12494904002261638      0.021142526101032857      0.0      0.15636078305115925      0.0      0.2398993      0.46968007605290346