sent_01      0.029937684656870314      0.33468497644414763      0.9091291678219136      0.0      0.625443132204637      0.0      0.7465136      0.47566177545951516
sent_02      0.0      0.13387399057765906      0.4545645839109568      0.0      0.3127215661023185      0.0      0.4486434      0.4797412360286604
sent_03      0.1496885490227529      0.3123726268313391      0.30304302563633223      0.02260710416147001      0.15636078305115925      0.0      0.2604324      0.5134109301952361
sent_04      0.029937684656870314      0.24543563154250952      0.2272822919554784      0.0575453387837783      0.4690823491534777      0.0      0.7219708      0.4732587042596433
sent_05      0.0      0.11156164096485047      0.18182583356438273      0.0632998663321695      0.0      0.0      0.2670921      0.4868223022600992
sent_06      0.029937684656870314      0.15618634019046765      0.15152155827462452      0.0      0.3127215661023185      0.0      0.7509539      0.4520169431159316
sent_07      0.0      0.15618634019046765      0.12987555644045187      0.0      0.15636078305115925      0.0      0.4727004      0.47113333703191407
sent_08      0.029937684656870314      0.4016219717329772      0.1136411459777392      0.035166588890101595      0.4690823491534777      0.0      0.7120863      0.4807369451866811
sent_09      0.029937684656870314      0.3123726268313391      0.10101434187877742      0.0      0.3127215661023185      0.0      0.6085894      0.4922876642942135
sent_010      0.0      0.3793096221201686      0.09091291678219136      0.0      0.4690823491534777      0.0      0.7493967      0.48739588495131325
sent_11      0.029937684656870314      0.15618634019046765      0.08264811443043912      0.0      0.4690823491534777      0.0      0.8472227      0.447681598539177
sent_12      0.029937684656870314      0.2008109858664886      0.07576073368085387      0.0      0.625443132204637      0.0      0.6848347      0.46042589537722733
sent_13      0.029937684656870314      0.4462466174089981      0.06993303388928183      0.03164993316608475      0.3127215661023185      0.0      0.6715283      0.497974357780335
sent_14      0.029937684656870314      0.24543563154250952      0.06493782367668433      0.0      0.0      0.0      0.1798102      0.510678505883644
sent_15      0.0      0.2008109858664886      0.06060864149243316      0.0      0.3127215661023185      0.0      0.844887      0.47095071676404365
sent_17      0.0      0.13387399057765906      0.0568205729888696      0.0      0.15636078305115925      0.0      0.1955615      0.5112432579068588
sent_18      0.029937684656870314      0.2008109858664886      0.053478159603372336      0.0      0.4690823491534777      0.0      1.0      0.4533213149251856
sent_20      0.029937684656870314      0.17849863625368      0.0505072163958471      0.0      0.3127215661023185      0.0      0.6286143      0.47962412699548285
sent_21      0.0      0.2008109858664886      0.04784892270913583      0.0      0.15636078305115925      0.0      0.2476022      0.5105529769112113
sent_22      0.0      0.11156164096485047      0.04545645839109568      0.0      0.15636078305115925      0.0      0.2125932      0.5039312594390183
sent_23      0.029937684656870314      0.22312333547929716      0.0432918218425117      0.0      0.15636078305115925      0.0      0.390844      0.4910995800606487
sent_24      0.029937684656870314      0.5354959623106362      0.04132401175876117      0.013187482702513034      0.7818039152557962      0.0      0.9689558      0.48443483875250526
sent_26      0.0      0.17849863625368      0.0395273906973115      0.0      0.3127215661023185      0.0      0.7385117      0.48876407373919056
sent_27      0.08981311683981158      0.3569973260569562      0.037880412296885324      0.039562416457605935      0.625443132204637      0.0      0.9397835      0.47637716224964916
sent_28      0.029937684656870314      0.2008109858664886      0.03636516671287654      0.10549976667030478      0.15636078305115925      0.0      0.2654628      0.5105529769112113