sent_03      0.050596350072221664      0.07510956738710152      0.5766133036118918      0.0      0.649235189254989      0.0      0.9895875      0.5026016251159494
sent_04      0.07589452510833249      0.05007305118386496      0.2883066518059459      0.02289028788561514      0.3246175946274945      0.0      0.4014368      0.5415205066919253
sent_05      0.050596350072221664      0.10640522672419109      0.1922044153168538      0.0      0.48692639194124177      0.0      0.7876611      0.5384710636922558
sent_06      0.025298175036110832      0.11266435108065227      0.14415332590297295      0.0      0.48692639194124177      0.0      0.499697      0.5532537372102884
sent_07      0.07589452510833249      0.13144174292742763      0.11532266072237836      0.017440220213432025      0.8115439865687363      0.0      0.6303964      0.5495735700736726
sent_08      0.025298175036110832      0.10640522672419109      0.09610223648909208      0.0      0.16230879731374726      0.0      0.3398084      0.5685530410511671
sent_09      0.0      0.11892347543711346      0.08237330437541437      0.0      0.16230879731374726      0.0      0.4304128      0.5678612452253847
sent_010      0.050596350072221664      0.04381390805001194      0.07207666295148647      0.0      0.48692639194124177      0.0      0.9294638      0.48063594104394114
sent_12      0.050596350072221664      0.13770086728388883      0.06406813843895127      0.0      0.48692639194124177      0.0      0.8643135      0.547120086429148
sent_13      0.12649087518055416      0.1877739184677538      0.05766133036118918      0.0      0.3246175946274945      0.0      0.3963858      0.5763968157800554
sent_14      0.025298175036110832      0.04381390805001194      0.05241939647938384      0.0      0.16230879731374726      0.0      0.435987      0.5710472391549155
sent_15      0.0      0.04381390805001194      0.04805108941388086      0.0      0.16230879731374726      0.0      0.170736      0.5833017080796187
sent_16      0.025298175036110832      0.11266435108065227      0.04435488281506791      0.010173469421264642      0.3246175946274945      0.0      0.6180046      0.5342646417546105
sent_17      0.0      0.06259129989678731      0.04118668101837237      0.0      0.16230879731374726      0.0      0.2436804      0.5670031500826288
sent_18      0.025298175036110832      0.12518261857096646      0.0384409061279029      0.0      0.0      0.0      0.2820185      0.5741256722494766
sent_19      0.0      0.07510956738710152      0.036038331475743236      0.0      0.0      0.0      0.1967108      0.5766393526302749
sent_20      0.025298175036110832      0.10014608359033808      0.033918412665014115      0.0      0.48692639194124177      0.0      0.8031393      0.5411499934469531
sent_21      0.050596350072221664      0.06885044303064033      0.03203409805014081      0.016647483763377404      0.48692639194124177      0.0      0.8648594      0.48609891152113166
sent_22      0.07589452510833249      0.10014608359033808      0.030348080750379643      0.034335431828422705      0.16230879731374726      0.0      0.4803459      0.5445551338282095
sent_23      0.050596350072221664      0.1752556509774396      0.02883066518059459      0.0      0.48692639194124177      0.0      0.6762649      0.5641174982025882
sent_24      0.12649087518055416      0.11266435108065227      0.027457748904694674      0.02034692053029898      0.48692639194124177      0.0      0.9345926      0.527218590441692
sent_25      0.0      0.10014608359033808      0.026209669409026738      0.01144514394280757      0.3246175946274945      0.0      0.4161211      0.572395716043654
sent_26      0.07589452510833249      0.07510956738710152      0.025070166198428914      0.015260185819666656      0.3246175946274945      0.0      0.6616054      0.5433984465410876
sent_27      0.0      0.11892347543711346      0.02402557353760561      0.0      0.3246175946274945      0.0      0.4784554      0.5559541324678431
sent_28      0.025298175036110832      0.13770086728388883      0.023064532144475673      0.0      0.3246175946274945      0.0      0.5321804      0.5560218537961511
sent_29      0.15178905021666497      0.15021913477420304      0.02217741257686878      0.0076301020659484825      0.649235189254989      0.0      1.0      0.5192221073256285
sent_30      0.07589452510833249      0.10640522672419109      0.021356026925873635      0.0      0.48692639194124177      0.0      0.7236715      0.5369634620975532
sent_31      0.07589452510833249      0.12518261857096646      0.020593340509186184      0.0      0.3246175946274945      0.0      0.5250756      0.5430981628217681