sent_01          0.1176471      0.5833333      1.0            0.0            1.0            0.0            0.8983086      0.615519       
sent_02          0.1176471      0.3055556      0.5            0.0            0.375          0.0            0.5998442      0.6856266      
sent_03          0.1176471      0.6388889      0.3333333      0.0            0.625          0.0            0.8548325      0.6791564      
sent_04          0.1176471      0.1944444      0.25           0.0            0.125          0.0            0.1656404      0.8235154      
sent_05          0.2941176      0.5555556      0.2            0.0            0.5            0.0            0.3107817      0.8594114      
sent_06          0.3529412      0.4166667      0.1666667      0.0            0.25           0.0            0.2850142      0.8343871      
sent_07          0.0588235      0.2777778      0.1428571      0.0            0.125          0.0            0.2259572      0.8085758      
sent_08          0.2352941      0.75           0.125          0.0            0.625          0.0            0.7694778      0.7244802      
sent_09          0.0            0.3333333      0.1111111      0.0            0.125          0.0            0.2273108      0.7937624      
sent_010          0.0588235      0.25           0.1            0.0            0.125          0.0            0.2268958      0.7745366      
sent_11          0.1764706      0.4444444      0.0909091      0.0            0.25           0.0            0.2876821      0.7752575      
sent_13          0.0588235      0.4722222      0.0833333      0.0            0.125          0.0            0.1689982      0.8696055      
sent_14          0.1176471      0.6111111      0.0769231      0.0            0.375          0.0            0.4261827      0.7208169      
sent_15          0.1764706      0.7222222      0.0714286      0.0            0.625          0.0            0.4003357      0.8092296      
sent_16          0.0588235      0.6111111      0.0666667      0.0            0.375          0.0            0.4525146      0.7744647      
sent_17          0.1176471      0.5277778      0.0625         0.0            0.375          0.0            0.3221325      0.8151016      
sent_18          0.1764706      0.4166667      0.0588235      0.0            0.375          0.0            0.4623828      0.7237296      
sent_19          0.0            0.5555556      0.0555556      0.0            0.5            0.0            0.6654579      0.7224073      
sent_20          0.0            0.2777778      0.0526316      0.0            0.25           0.0            0.3410925      0.782082       
sent_21          0.0            0.1944444      0.05           0.0            0.0            0.0            0.06829        0.9410648      
sent_22          0.0            0.1666667      0.047619       0.0            0.125          0.0            0.16644        0.885915       
sent_23          0.0588235      0.5            0.0454545      0.0            0.75           0.0            0.6566994      0.6999289      
sent_24          0.0588235      0.6944444      0.0434783      0.0            0.625          0.0            0.524638       0.7579188      
sent_25          0.0            0.4444444      0.0416667      0.0625         0.125          0.0            0.2597081      0.809215       
sent_26          0.0588235      0.5277778      0.04           0.1052632      0.5            0.0            0.6273671      0.726056       
sent_27          0.1176471      0.3888889      0.0384615      0.0714286      0.25           0.0            0.3214586      0.7367549      
sent_28          0.0588235      0.1666667      0.037037       0.0            0.125          0.0            0.2274573      0.7594253      
sent_29          0.0            0.1944444      0.0357143      0.0            0.0            0.0            0.0824334      0.8998794      
sent_30          0.1176471      0.5            0.0344828      0.0            0.75           0.0            0.7847812      0.6924711      
sent_31          0.0            0.3333333      0.0333333      0.0            0.25           0.0            0.4962885      0.756198       
sent_32          0.0            0.4722222      0.0322581      0.0            0.25           0.0            0.5404806      0.7164177      
sent_33          0.0588235      0.7222222      0.03125        0.0            0.75           0.0            0.6983504      0.7539316      
sent_34          0.0            0.2777778      0.030303       0.1            0.375          0.0            0.4155887      0.7104254      
sent_35          0.0588235      0.4722222      0.0294118      0.0            0.5            0.0            0.6903987      0.6766628      
sent_36          0.0588235      0.5833333      0.0285714      0.0            0.625          0.0            0.6353114      0.7271656      
sent_37          0.0588235      0.2777778      0.0277778      0.0            0.125          0.0            0.2762708      0.7299308      
sent_38          0.0            0.1666667      0.027027       0.0            0.375          0.0            0.3402846      0.700636       
sent_39          0.0            0.4722222      0.0263158      0.0            0.75           0.0            0.756172       0.6947656      
sent_40          0.0588235      0.3333333      0.025641       0.0            0.375          0.0            0.4085341      0.712512       
sent_41          0.0            0.3333333      0.025          0.0            0.0            0.0            0.0691895      0.9324701      
sent_42          0.0588235      0.25           0.0243902      0.0            0.5            0.0            0.3441759      0.7403628      
sent_43          0.0588235      0.5277778      0.0238095      0.0            0.5            0.0            0.5995085      0.7744531      
sent_44          0.0            0.6944444      0.0232558      0.0            0.5            0.0            1.0            0.5929218      
sent_45          0.0588235      0.25           0.0227273      0.0            0.125          0.0            0.2444042      0.7341738      
sent_46          0.0            0.3055556      0.0222222      0.0            0.375          0.0            0.5834433      0.720438       
sent_47          0.0            0.1388889      0.0217391      0.0            0.25           0.0            0.5891935      0.7224907      
sent_48          0.0            0.2222222      0.0212766      0.0            0.0            0.0            0.1035595      0.9384599      
sent_49          0.0            0.2777778      0.0208333      0.0            0.5            0.0            0.6594116      0.7375922      
sent_50          0.0            0.5            0.0204082      0.0            0.125          0.0            0.1855326      0.8581724      
sent_51          0.0            0.3333333      0.02           0.0            0.0            0.0            0.07059        0.9226008      
sent_52          0.1176471      0.6111111      0.0196078      0.0            0.625          0.0            0.6800681      0.6999454      
sent_53          0.0588235      0.7222222      0.0192308      0.0384615      0.625          0.0            0.7158435      0.7312212      
sent_54          0.0            0.5            0.0188679      0.0            0.5            0.0            0.6876379      0.7366102      
sent_55          0.0            0.1666667      0.0185185      0.0            0.0            0.0            0.0468168      0.9138272      
sent_56          0.0            0.3055556      0.0181818      0.0            0.0            0.0            0.1378695      0.847062       
sent_57          0.0            0.3055556      0.0178571      0.0            0.0            0.0            0.1039252      0.8759911      
sent_58          0.0            0.4166667      0.0175439      0.0            0.125          0.0            0.2988718      0.7453749      
sent_60          0.0            0.1944444      0.0172414      0.0            0.0            0.0            0.1428234      0.7536341      
sent_62          0.0            0.3333333      0.0169492      0.0            0.25           0.0            0.3456969      0.7688564      
sent_63          0.0588235      0.6111111      0.0166667      0.0            0.125          0.0            0.2801052      0.8160705      
sent_64          0.0            0.1944444      0.0163934      0.0            0.25           0.0            0.4586949      0.6464519      
sent_66          0.1176471      0.5            0.016129       0.0            0.375          0.0            0.2939931      0.8129738      
sent_67          0.0588235      0.5277778      0.015873       0.0            0.25           0.0            0.2483352      0.8516896      
sent_68          0.1176471      0.5833333      0.015625       0.0            0.5            0.0            0.5348486      0.7839711      
sent_69          0.0            0.4722222      0.0153846      0.0            0.125          0.0            0.2132297      0.8679008      
sent_70          0.0            0.4722222      0.0151515      0.0            0.0            0.0            0.1611404      0.8372246      
sent_71          0.0            0.3888889      0.0149254      0.0            0.375          0.0            0.5512624      0.7400925      
sent_72          0.0            0.2777778      0.0147059      0.0            0.25           0.0            0.4636591      0.8401978      
sent_73          0.0            0.3055556      0.0144928      0.0            0.25           0.0            0.5005753      0.7884687      
sent_74          0.0            0.3333333      0.0142857      0.0            0.0            0.0            0.1811442      0.8052684      
sent_75          0.0            0.25           0.0140845      0.0            0.0            0.0            0.1095365      0.8078785      
sent_76          0.0588235      0.25           0.0138889      0.0            0.125          0.0            0.2339025      0.770495       
sent_77          0.0588235      0.3888889      0.0136986      0.0            0.625          0.0            0.495791       0.7130026      
sent_78          0.0588235      0.3055556      0.0135135      0.0            0.375          0.0            0.526735       0.7710035      
sent_79          0.0            0.2777778      0.0133333      0.0            0.25           0.0            0.2382621      0.7560151      
sent_80          0.0588235      0.2222222      0.0131579      0.125          0.125          0.0            0.2451265      0.7886534      
sent_81          0.1176471      0.5833333      0.012987       0.0            0.625          0.0            0.7227616      0.6861422      
sent_82          0.1176471      0.6944444      0.0128205      0.0            0.625          0.0            0.6053145      0.7918272      
sent_83          0.0            0.3333333      0.0126582      0.0            0.0            0.0            0.195124       0.8051937      
sent_84          0.0            0.3611111      0.0125         0.0            0.375          0.0            0.608555       0.7036389      
sent_85          0.0588235      0.1666667      0.0123457      0.1666667      0.125          0.0            0.2612376      0.733584       
sent_86          0.0            0.5833333      0.0121951      0.0            0.375          0.0            0.8475418      0.6217742      
sent_87          0.0            0.4444444      0.0120482      0.0            0.0            0.0            0.2437975      0.7788451      
sent_88          0.0588235      0.3888889      0.0119048      0.0            0.125          0.0            0.1967337      0.8477794      
sent_89          0.0588235      0.3055556      0.0117647      0.0            0.25           0.0            0.3776233      0.7220487      
sent_90          0.0588235      0.3888889      0.0116279      0.0            0.375          0.0            0.6636254      0.6793173      
sent_91          0.0            0.3333333      0.0114943      0.0            0.125          0.0            0.2235078      0.85046        
sent_92          0.1176471      0.5555556      0.0113636      0.0            0.25           0.0            0.4024027      0.7233148      
sent_93          0.1764706      0.4166667      0.011236       0.0            0.5            0.0            0.6505668      0.7353285      
sent_94          0.0            0.5            0.0111111      0.0            0.125          0.0            0.2644808      0.8000446      
sent_95          0.0588235      0.3055556      0.010989       0.0909091      0.375          0.0            0.4742589      0.6939665      
sent_97          0.1176471      0.5            0.0108696      0.0            0.125          0.0            0.38282        0.7353619      
sent_98          0.1176471      0.4722222      0.0107527      0.0            0.625          0.0            0.6942384      0.7152642      
sent_99          0.0588235      0.5555556      0.0106383      0.05           0.5            0.0            0.4917736      0.8314602      
sent_100          0.0588235      0.4166667      0.0105263      0.1333333      0.5            0.0            0.7507305      0.6517652      
sent_101          0.0588235      0.5555556      0.0104167      0.0            0.875          0.0            0.7635721      0.7000178      
sent_102          0.0            0.1944444      0.0103093      0.0            0.125          0.0            0.2008491      0.8416871      
sent_103          0.1176471      0.3888889      0.0102041      0.0            0.625          0.0            0.7525115      0.6450958      
sent_104          0.0            0.2222222      0.010101       0.0            0.375          0.0            0.3702885      0.667767       
sent_106          0.1176471      0.75           0.01           0.0            0.875          0.0            0.6987969      0.7110721      
sent_107          0.0588235      0.3333333      0.009901       0.0            0.375          0.0            0.5928585      0.7051496      
sent_108          0.0            0.2222222      0.0098039      0.0            0.0            0.0            0.098877       0.9088971      
sent_110          0.0588235      0.2777778      0.0097087      0.0            0.375          0.0            0.5553737      0.7299739      
sent_111          0.0            0.4722222      0.0096154      0.0588235      0.375          0.0            0.4523451      0.829268       
sent_112          0.0            0.3333333      0.0095238      0.0            0.0            0.0            0.088698       0.9040261      
sent_113          0.0            0.2777778      0.009434       0.0            0.0            0.0            0.0428063      0.980724       
sent_114          0.0            0.1944444      0.0093458      0.1428571      0.0            0.0            0.0246115      1.0            
sent_115          0.0            0.3055556      0.0092593      0.0            0.0            0.0            0.1697121      0.8012909      
sent_116          0.0            0.1666667      0.0091743      0.0            0.25           0.0            0.5749132      0.668374       
sent_117          0.0            0.4444444      0.0090909      0.0625         0.0            0.0            0.0563849      0.9225336      
sent_118          0.0588235      0.3611111      0.009009       0.0            0.375          0.0            0.5145392      0.7926207      
sent_119          0.1176471      0.5555556      0.0089286      0.0            0.625          0.0            0.7459379      0.6783371      
sent_120          0.0            0.6111111      0.0088496      0.0454545      0.375          0.0            0.5142358      0.803852       
sent_121          0.0            0.2777778      0.0087719      0.0            0.375          0.0            0.579673       0.7328053      
sent_122          0.0588235      0.1944444      0.0086957      0.0            0.125          0.0            0.2652385      0.6932875      
sent_123          0.0            0.5            0.0086207      0.0            0.5            0.0            0.6878707      0.7358977      
sent_124          0.0            0.4722222      0.008547       0.0            0.375          0.0            0.6392486      0.6670685      
sent_125          0.0            0.4166667      0.0084746      0.0666667      0.375          0.0            0.557256       0.732026       
sent_126          0.0            0.2777778      0.0084034      0.0            0.0            0.0            0.1324958      0.8602965      
sent_127          0.0            0.3055556      0.0083333      0.0            0.375          0.0            0.3990983      0.7892146      
sent_128          0.0588235      0.4444444      0.0082645      0.0            0.0            0.0            0.1635139      0.8318899      
sent_130          0.0588235      0.4166667      0.0081967      0.0            0.25           0.0            0.3656623      0.7534505      
sent_131          0.0            0.1666667      0.0081301      0.0            0.375          0.0            0.7022448      0.6356325      
sent_132          0.0            0.4166667      0.0080645      0.0666667      0.125          0.0            0.2002838      0.8577438      
sent_133          0.0            0.2222222      0.008          0.0            0.0            0.0            0.0472466      0.9650829      
sent_134          0.0            0.1388889      0.0079365      0.0            0.125          0.0            0.1596067      0.8473383      
sent_137          0.0            0.3888889      0.007874       0.0            0.5            0.0            0.4536471      0.7338688      
sent_138          0.0588235      0.5            0.0078125      0.0555556      0.75           0.0            0.6814742      0.699861       
sent_139          0.0588235      0.5555556      0.0077519      0.0            0.5            0.0            0.6097788      0.7201688      
sent_140          0.0            0.4444444      0.0076923      0.0            0.875          0.0            0.7644376      0.6991291      
sent_142          0.0588235      0.1666667      0.0076336      0.0            0.25           0.0            0.5690988      0.705998       
sent_143          0.0588235      0.3888889      0.0075758      0.0            0.125          0.0            0.2136535      0.8397362      
sent_144          0.0588235      0.5555556      0.0075188      0.0            0.75           0.0            0.6816127      0.7334977      
sent_145          0.0            0.4166667      0.0074627      0.0            0.25           0.0            0.357637       0.734087       
sent_146          0.0588235      0.4444444      0.0074074      0.0625         0.5            0.0            0.5759306      0.7652257      
sent_147          0.0588235      0.4166667      0.0073529      0.0            0.375          0.0            0.516678       0.7448922      
sent_148          0.1176471      0.75           0.0072993      0.0            0.625          0.0            0.8346601      0.6836793      
sent_149          0.0            0.5833333      0.0072464      0.0            0.5            0.0            0.6895537      0.7254759      
sent_150          0.0588235      0.4444444      0.0071942      0.0            0.5            0.0            0.6740933      0.7063141      
sent_151          0.0588235      0.25           0.0071429      0.0            0.125          0.0            0.1701436      0.7954673      
sent_152          0.1176471      0.5            0.0070922      0.0            0.625          0.0            0.4303686      0.7505595      
sent_153          0.0588235      0.5            0.0070423      0.0            0.625          0.0            0.7624826      0.6845827      
sent_154          0.0            0.2777778      0.006993       0.0            0.375          0.0            0.7293939      0.5784967      
sent_155          0.0            0.4166667      0.0069444      0.0            0.125          0.0            0.3107166      0.7771733      
sent_156          0.0588235      0.5            0.0068966      0.0            0.625          0.0            0.648278       0.7229094      
sent_157          0.0            0.5833333      0.0068493      0.0            0.375          0.0            0.4870259      0.8183632      
sent_158          0.0588235      0.4722222      0.0068027      0.0            0.5            0.0            0.6799117      0.686203       
sent_159          0.1764706      0.6388889      0.0067568      0.0            0.625          0.0            0.8377901      0.6341595      
sent_160          0.1764706      0.7777778      0.0067114      0.0            1.0            0.0            0.7904542      0.6651473      
sent_162          0.0588235      0.5277778      0.0066667      0.0            0.375          0.0            0.4725023      0.7700306      
sent_165          0.0588235      0.4722222      0.0066225      0.1176471      0.5            0.0            0.7127364      0.6632711      
sent_166          0.0            0.3055556      0.0065789      0.0            0.625          0.0            0.7083645      0.6624187      
sent_167          0.0588235      0.3888889      0.0065359      0.0            0.125          0.0            0.31137        0.790034       
sent_168          0.0588235      0.3055556      0.0064935      0.0            0.5            0.0            0.6517538      0.6786405      
sent_169          0.0            0.3055556      0.0064516      0.0909091      0.375          0.0            0.3588101      0.7157446      
sent_170          0.0588235      0.4444444      0.0064103      0.0625         0.625          0.0            0.5779978      0.745245       
sent_171          0.0            0.3888889      0.0063694      0.0            0.25           0.0            0.7009434      0.7052177      
sent_172          0.0            0.4166667      0.0063291      0.0            0.625          0.0            0.6920231      0.6786032      
sent_173          0.1176471      0.3333333      0.0062893      0.0            0.5            0.0            0.442367       0.7224488      
sent_174          0.0            0.3055556      0.00625        0.0            0.125          0.0            0.2348265      0.8302777      
sent_175          0.0588235      0.4722222      0.0062112      0.0            0.5            0.0            0.5713472      0.7592369      
sent_176          0.0588235      0.6111111      0.0061728      0.0            0.375          0.0            0.5107993      0.8073597      
sent_177          0.0            0.5277778      0.006135       0.0            0.375          0.0            0.5385059      0.7513093      
sent_178          0.0            0.25           0.0060976      0.0            0.0            0.0            0.0808505      0.8835621      
sent_179          0.0            0.6388889      0.0060606      0.0            0.5            0.0            0.6129616      0.7582388      
sent_180          0.0            0.4444444      0.0060241      0.0            0.375          0.0            0.5164091      0.780822       
sent_181          0.0            0.3611111      0.005988       0.0            0.125          0.0            0.2399544      0.8353056      
sent_182          0.0            0.5833333      0.0059524      0.047619       0.125          0.0            0.1913554      0.8881991      
sent_183          0.0588235      0.3333333      0.0059172      0.0            0.375          0.0            0.461109       0.6751163      
sent_184          0.0588235      0.3888889      0.0058824      0.0            0.5            0.0            0.4348803      0.6963966      
sent_185          0.0            0.2777778      0.005848       0.0            0.125          0.0            0.2804854      0.8272105      
sent_186          0.0            1.0            0.005814       0.0277778      0.25           0.0            0.3346367      0.8672434      
sent_187          0.0588235      0.75           0.0057803      0.0            0.75           0.0            0.7638408      0.7695541      
sent_188          0.0588235      0.2222222      0.0057471      0.0            0.125          0.0            0.1383842      0.8641697      
sent_189          0.0588235      0.5            0.0057143      0.0            0.125          0.0            0.1902824      0.8725898      
sent_190          0.0588235      0.4444444      0.0056818      0.0625         0.25           0.0            0.2953514      0.8395593      
sent_191          0.0588235      0.3888889      0.0056497      0.2142857      0.125          0.0            0.1489176      0.8533455      
sent_192          0.0588235      0.5277778      0.005618       0.0            0.375          0.0            0.4506404      0.8386999      
sent_193          0.0            0.3611111      0.0055866      0.0            0.125          0.0            0.2850487      0.774104       
sent_194          0.0            0.2777778      0.0055556      0.0            0.0            0.0            0.0924914      0.8929011      