sent_01          0.047619       0.625          1.0            0.0            0.8            0.0            0.7465136      0.9264738      
sent_02          0.0            0.25           0.5            0.0            0.4            0.0            0.4486434      0.9344196      
sent_03          0.2380952      0.5833333      0.3333333      0.0714286      0.2            0.0            0.2604324      1.0            
sent_04          0.047619       0.4583333      0.25           0.1818182      0.6            0.0            0.7219708      0.9217932      
sent_05          0.0            0.2083333      0.2            0.2            0.0            0.0            0.2670921      0.9482118      
sent_06          0.047619       0.2916667      0.1666667      0.0            0.4            0.0            0.7509539      0.8804194      
sent_07          0.0            0.2916667      0.1428571      0.0            0.2            0.0            0.4727004      0.9176535      
sent_08          0.047619       0.75           0.125          0.1111111      0.6            0.0            0.7120863      0.936359       
sent_09          0.047619       0.5833333      0.1111111      0.0            0.4            0.0            0.6085894      0.958857       
sent_010          0.0            0.7083333      0.1            0.0            0.6            0.0            0.7493967      0.949329       
sent_11          0.047619       0.2916667      0.0909091      0.0            0.6            0.0            0.8472227      0.8719752      
sent_12          0.047619       0.375          0.0833333      0.0            0.8            0.0            0.6848347      0.896798       
sent_13          0.047619       0.8333333      0.0769231      0.1            0.4            0.0            0.6715283      0.9699333      
sent_14          0.047619       0.4583333      0.0714286      0.0            0.0            0.0            0.1798102      0.9946779      
sent_15          0.0            0.375          0.0666667      0.0            0.4            0.0            0.844887       0.9172978      
sent_17          0.0            0.25           0.0625         0.0            0.2            0.0            0.1955615      0.9957779      
sent_18          0.047619       0.375          0.0588235      0.0            0.6            0.0            1.0            0.88296        
sent_20          0.047619       0.3333333      0.0555556      0.0            0.4            0.0            0.6286143      0.9341915      
sent_21          0.0            0.375          0.0526316      0.0            0.2            0.0            0.2476022      0.9944334      
sent_22          0.0            0.2083333      0.05           0.0            0.2            0.0            0.2125932      0.9815359      
sent_23          0.047619       0.4166667      0.047619       0.0            0.2            0.0            0.390844       0.9565429      
sent_24          0.047619       1.0            0.0454545      0.0416667      1.0            0.0            0.9689558      0.9435616      
sent_26          0.0            0.3333333      0.0434783      0.0            0.4            0.0            0.7385117      0.9519939      
sent_27          0.1428571      0.6666667      0.0416667      0.125          0.8            0.0            0.9397835      0.9278672      
sent_28          0.047619       0.375          0.04           0.3333333      0.2            0.0            0.2654628      0.9944334      